Au RI_AUTO_OPT-ccGRB
   42
 1 0 0 1 1
   10.0801255113  1.0
 1 0 0 1 1
   5.6000697285   1.0
 1 0 0 1 1
   3.1111498492   1.0
 1 0 0 1 1
   1.7284165829   1.0
 1 0 0 1 1
   0.9602314349   1.0
 1 0 0 1 1
   0.5334619083   1.0
 1 0 0 1 1
   0.2963677268   1.0
 1 0 0 1 1
   0.1646487371   1.0 
 1 1 1 1 1
   10.0801255113  1.0
 1 1 1 1 1
   5.6000697285   1.0
 1 1 1 1 1
   3.1111498492   1.0
 1 1 1 1 1
   1.7284165829   1.0
 1 1 1 1 1
   0.9602314349   1.0
 1 1 1 1 1
   0.5334619083   1.0
 1 1 1 1 1
   0.2963677268   1.0
 1 1 1 1 1
   0.1646487371   1.0 
 1 2 2 1 1
   10.0801255113  1.0
 1 2 2 1 1
   5.6000697285   1.0
 1 2 2 1 1
   3.1111498492   1.0
 1 2 2 1 1
   1.7284165829   1.0
 1 2 2 1 1
   0.9602314349   1.0
 1 2 2 1 1
   0.5334619083   1.0
 1 2 2 1 1
   0.2963677268   1.0
 1 2 2 1 1
   0.1646487371   1.0 
 1 3 3 1 1
   10.0801255113  1.0
 1 3 3 1 1
   5.6000697285   1.0
 1 3 3 1 1
   3.1111498492   1.0
 1 3 3 1 1
   1.7284165829   1.0
 1 3 3 1 1
   0.9602314349   1.0
 1 3 3 1 1
   0.5334619083   1.0
 1 3 3 1 1
   0.2963677268   1.0
 1 3 3 1 1
   0.1646487371   1.0 
 1 4 4 1 1
   10.0801255113  1.0
 1 4 4 1 1
   5.6000697285   1.0
 1 4 4 1 1
   3.1111498492   1.0
 1 4 4 1 1
   1.7284165829   1.0
 1 4 4 1 1
   0.9602314349   1.0
 1 4 4 1 1
   0.5334619083   1.0
 1 4 4 1 1
   0.2963677268   1.0
 1 4 4 1 1
   0.1646487371   1.0 
 1 5 5 1 1
   0.9742243686   1.0
 1 6 6 1 1
   0.9742243686   1.0 
