H   local_ri_hfx
    2
    1  0  0    8    8
    1.1816240100E+01    4.542234718718816E+00   -1.230538646779996E+01    1.844726519896907E+01   -2.026338486479164E+01    1.868741651701973E+01   -1.561485116858763E+01    1.234676315107844E+01   -9.468158674902018E+00
    6.5645778334E+00    0.000000000000000E+00    8.440701728235826E+00   -2.480077871692135E+01    3.813444112862016E+01   -4.232073649726053E+01    3.920923202756317E+01   -3.283385256301085E+01    2.598952886500455E+01
    3.6469876852E+00    0.000000000000000E+00    0.000000000000000E+00    9.372968693359889E+00   -2.825817877794633E+01    4.390472979092007E+01   -4.894956259428386E+01    4.544791385253012E+01   -3.809715094943224E+01
    2.0261042696E+00    0.000000000000000E+00    0.000000000000000E+00    0.000000000000000E+00    8.095216901382809E+00   -2.467004013806575E+01    3.851329439283789E+01   -4.303302732542964E+01    3.999590354817632E+01
    1.1256134831E+00    0.000000000000000E+00    0.000000000000000E+00    0.000000000000000E+00    0.000000000000000E+00    6.115849962770071E+00   -1.873250856747948E+01    2.931238799114216E+01   -3.278806081022440E+01
    6.2534082394E-01    0.000000000000000E+00    0.000000000000000E+00    0.000000000000000E+00    0.000000000000000E+00    0.000000000000000E+00    4.296138421177173E+00   -1.319218326212865E+01    2.066751465945821E+01
    3.4741156886E-01    0.000000000000000E+00    0.000000000000000E+00    0.000000000000000E+00    0.000000000000000E+00    0.000000000000000E+00    0.000000000000000E+00    2.900212801147570E+00   -8.917395739817149E+00
    1.9300642714E-01    0.000000000000000E+00    0.000000000000000E+00    0.000000000000000E+00    0.000000000000000E+00    0.000000000000000E+00    0.000000000000000E+00    0.000000000000000E+00    1.915756060318883E+00
    2  1  2    1    1  1
    8.2350321357E-01    1.118205723168382E+00    2.029478035933531E+00
#
