O   local_ri_hfx
    2
    1  0  2    7    7  6  6
    1.4401840035E+01    5.268943957931874E+00   -1.427411741016740E+01    2.139863140711703E+01   -2.350531090139310E+01    2.167720438156120E+01   -1.811306126027572E+01    1.432211392264349E+01    3.999102783561379E+01   -8.210236488826104E+01    1.038107517695398E+02   -1.019629053038974E+02    8.714419010024987E+01   -6.900299510338725E+01    3.035299521341988E+02   -5.150999454704285E+02    5.725578201850518E+02   -5.145482546267044E+02    4.130159864759732E+02   -3.122693024980288E+02
    8.0010222415E+00    0.000000000000000E+00    9.791124220951184E+00   -2.876863950557467E+01    4.423554607288526E+01   -4.909160417084988E+01    4.548229208308783E+01   -3.808691971916999E+01    0.000000000000000E+00    4.380205571064356E+01   -1.043826293763979E+02    1.388435175627011E+02   -1.392527914802725E+02    1.201268677659143E+02    0.000000000000000E+00    2.137400274932720E+02   -4.313165688117304E+02    5.091013267739245E+02   -4.688873032070696E+02    3.803973515388624E+02
    4.4450123564E+00    0.000000000000000E+00    0.000000000000000E+00    1.087254398396493E+01   -3.277918679997483E+01    5.092901954254852E+01   -5.678097193252038E+01    5.271909663915539E+01    0.000000000000000E+00    0.000000000000000E+00    3.180722635359068E+01   -7.981839931185813E+01    1.084522378385650E+02   -1.097948087751120E+02    0.000000000000000E+00    0.000000000000000E+00    1.057987478652714E+02   -2.270379761273345E+02    2.747889035023150E+02   -2.558255806404109E+02
    2.4694513091E+00    0.000000000000000E+00    0.000000000000000E+00    0.000000000000000E+00    9.390365496726000E+00   -2.861698414476701E+01    4.467501182950578E+01   -4.991785395488669E+01    0.000000000000000E+00    0.000000000000000E+00    0.000000000000000E+00    1.895553994312783E+01   -4.863424656171797E+01    6.672912792014179E+01    0.000000000000000E+00    0.000000000000000E+00    0.000000000000000E+00    4.453387286872979E+01   -9.811349056618211E+01    1.200985287644004E+02
    1.3719173939E+00    0.000000000000000E+00    0.000000000000000E+00    0.000000000000000E+00    0.000000000000000E+00    7.094320902474670E+00   -2.172951068045080E+01    3.400205827365144E+01    0.000000000000000E+00    0.000000000000000E+00    0.000000000000000E+00    0.000000000000000E+00    1.019452823588639E+01   -2.643004113411437E+01    0.000000000000000E+00    0.000000000000000E+00    0.000000000000000E+00    0.000000000000000E+00    1.729108403087368E+01   -3.855959278101786E+01
    7.6217632997E-01    0.000000000000000E+00    0.000000000000000E+00    0.000000000000000E+00    0.000000000000000E+00    0.000000000000000E+00    4.983474870511174E+00   -1.530279225872542E+01    0.000000000000000E+00    0.000000000000000E+00    0.000000000000000E+00    0.000000000000000E+00    0.000000000000000E+00    5.193876677217835E+00    0.000000000000000E+00    0.000000000000000E+00    0.000000000000000E+00    0.000000000000000E+00    0.000000000000000E+00    6.444857273654204E+00
    4.2343129443E-01    0.000000000000000E+00    0.000000000000000E+00    0.000000000000000E+00    0.000000000000000E+00    0.000000000000000E+00    0.000000000000000E+00    3.364215999747799E+00    0.000000000000000E+00    0.000000000000000E+00    0.000000000000000E+00    0.000000000000000E+00    0.000000000000000E+00    4.868764608392662E-01    0.000000000000000E+00    0.000000000000000E+00    0.000000000000000E+00    0.000000000000000E+00    0.000000000000000E+00    6.336365925429805E-01
    4  3  3    1    1
    1.3967156472E+00    1.209185904278586E+01
