H   local_ri_hfx
    2
    1  0  0    8    8
       18.2771379079   6.3000099274 -17.0673824027  25.5860740545 -28.1050041919  25.9191602514 -21.6575592122  17.1247712281 -13.1321909455
       10.1539655044   0.0000000000  11.7071239103 -34.3982999115  52.8918852860 -58.6982127909  54.3826037874 -45.5400501977  36.0470781445
        5.6410919469   0.0000000000   0.0000000000  13.0001639003 -39.1936607979  60.8951872084 -67.8922929748  63.0355598464 -52.8401643790
        3.1339399705   0.0000000000   0.0000000000   0.0000000000  11.2279417514 -34.2169675067  53.4173489560 -59.6861492509  55.4737051276
        1.7410777614   0.0000000000   0.0000000000   0.0000000000   0.0000000000   8.4825901490 -25.9817022342  40.6558328167 -45.4765377385
        0.9672654230   0.0000000000   0.0000000000   0.0000000000   0.0000000000   0.0000000000   5.9586781351 -18.2973559628  28.6655260222
        0.5373696794   0.0000000000   0.0000000000   0.0000000000   0.0000000000   0.0000000000   0.0000000000   4.0225506981 -12.3682911972
        0.2985387108   0.0000000000   0.0000000000   0.0000000000   0.0000000000   0.0000000000   0.0000000000   0.0000000000   2.6571242892
    2  1  2    1    1  1
        0.8762693554   1.2084734622   2.2624861300
