O   local_ri_hfx
    2
    1  0  2    8    8  6  6
       17.9125858819   6.2055289561 -16.8114236210  25.2023608296 -27.6835146827  25.5304517475 -21.3327617513  16.8679517888 -12.9352480567  52.5276467724 -107.8402895708 136.3539472539 -133.9268271799 114.4626553403 -90.6344535061 444.6282814794 -754.5482807686 838.7159087479 -753.7401320175 605.0097758035 -457.4301888570
        9.9514366011   0.0000000000  11.5315526890 -33.8824301238  52.0986680136 -57.8179182809  53.5670302754 -44.8570880721  35.5064817025   0.0000000000  57.5333777299 -137.1051003638 182.3689872925 -182.9065627673 157.7849337561   0.0000000000 313.0987912049 -631.8175304147 745.7611561256 -686.8533216132 557.2281071599
        5.5285758895   0.0000000000   0.0000000000  12.8052010153 -38.6058751944  59.9819447698 -66.8741152495  62.0902183338 -52.0477227628   0.0000000000   0.0000000000  41.7783398211 -104.8403332423 142.4504732480 -144.2139210947   0.0000000000   0.0000000000 154.9801431959 -332.5783977702 402.5267261922 -374.7481508129
        3.0714310497   0.0000000000   0.0000000000   0.0000000000  11.0595568038 -33.7038171531  52.6162513281 -58.7910387014  54.6417684170   0.0000000000   0.0000000000   0.0000000000  24.8978323489 -63.8803917453  87.6477612735   0.0000000000   0.0000000000   0.0000000000  65.2358003618 -143.7223324870 175.9272917788
        1.7063505832   0.0000000000   0.0000000000   0.0000000000   0.0000000000   8.3553771185 -25.5920557909  40.0461190839 -44.7945281065   0.0000000000   0.0000000000   0.0000000000   0.0000000000  13.3903679692 -34.7154834474   0.0000000000   0.0000000000   0.0000000000   0.0000000000  25.3289829340 -56.4843283248
        0.9479725462   0.0000000000   0.0000000000   0.0000000000   0.0000000000   0.0000000000   5.8693161017 -18.0229513219  28.2356303919   0.0000000000   0.0000000000   0.0000000000   0.0000000000   0.0000000000   6.8220832083   0.0000000000   0.0000000000   0.0000000000   0.0000000000   0.0000000000   9.4408007968
        0.5266514146   0.0000000000   0.0000000000   0.0000000000   0.0000000000   0.0000000000   0.0000000000   3.9622246826 -12.1828044792   0.0000000000   0.0000000000   0.0000000000   0.0000000000   0.0000000000   0.6395053126   0.0000000000   0.0000000000   0.0000000000   0.0000000000   0.0000000000   0.9281876376
        0.2925841192   0.0000000000   0.0000000000   0.0000000000   0.0000000000   0.0000000000   0.0000000000   0.0000000000   2.6172755134   0.0000000000   0.0000000000   0.0000000000   0.0000000000   0.0000000000   0.3067280724   0.0000000000   0.0000000000   0.0000000000   0.0000000000   0.0000000000   0.3318248417
    4  3  3    1    1
        1.3312920596  10.8546318424
